Epoch 0
29.792, 67.808
33.333, 72.000
Epoch 1
37.076, 74.154
38.933, 73.200
Epoch 2
29.033, 69.215
23.467, 70.667
Epoch 3
40.017, 77.345
33.467, 74.400
Epoch 4
44.850, 79.477
39.867, 81.467
Epoch 5
37.754, 77.097
21.067, 77.333
Epoch 6
47.515, 80.911
48.933, 86.000
Epoch 7
46.029, 80.688
46.400, 85.600
Epoch 8
50.995, 83.584
30.800, 83.333
Epoch 9
50.387, 82.151
52.000, 84.400
Epoch 10
53.638, 85.019
48.267, 87.600
Epoch 11
52.330, 84.208
61.600, 89.600
Epoch 12
57.529, 86.991
49.867, 88.533
Epoch 13
55.935, 86.177
41.333, 88.267
Epoch 14
59.585, 87.581
61.867, 90.533
Epoch 15
58.570, 87.512
46.800, 86.800
Epoch 16
58.875, 87.676
43.867, 87.067
Epoch 17
56.898, 86.817
34.400, 85.200
Epoch 18
61.581, 88.856
53.467, 90.800
Epoch 19
60.274, 88.136
59.067, 90.400
Epoch 20
63.707, 89.402
56.400, 91.067
Epoch 21
60.315, 88.441
47.600, 84.133
Epoch 22
63.163, 89.522
55.333, 89.600
Epoch 23
64.778, 90.405
58.533, 92.533
Epoch 24
61.351, 88.778
36.400, 90.667
Epoch 25
63.913, 89.761
58.267, 89.200
Epoch 26
63.584, 89.857
57.333, 91.200
Epoch 27
66.006, 90.615
46.800, 90.000
Epoch 28
66.200, 91.089
66.000, 93.333
Epoch 29
67.222, 91.449
61.467, 92.533
Epoch 30
67.153, 91.559
52.933, 90.667
Epoch 31
64.356, 89.869
61.600, 94.000
Epoch 32
65.494, 90.662
59.333, 92.400
Epoch 33
66.283, 91.228
60.267, 92.667
Epoch 34
67.247, 91.591
63.333, 92.533
Epoch 35
67.552, 91.736
47.867, 90.933
Epoch 36
66.448, 91.107
52.667, 89.333
Epoch 37
65.889, 90.628
58.533, 91.467
Epoch 38
70.873, 93.099
57.867, 92.133
Epoch 39
71.261, 93.424
67.067, 92.933
Epoch 40
70.091, 92.881
51.733, 92.667
Epoch 41
69.645, 92.810
67.867, 92.933
Epoch 42
69.591, 92.971
68.267, 93.333
Epoch 43
71.617, 93.439
58.667, 93.067
Epoch 44
71.652, 93.521
64.267, 93.067
Epoch 45
70.739, 93.278
46.533, 87.067
Epoch 46
68.942, 92.233
66.800, 93.600
Epoch 47
71.912, 93.833
38.133, 86.000
Epoch 48
70.123, 92.901
55.733, 91.867
Epoch 49
72.927, 94.148
44.933, 90.933
Epoch 50
69.956, 92.961
57.200, 90.400
Epoch 51
61.805, 89.871
50.800, 90.933
Epoch 52
72.693, 94.246
65.600, 90.667
Epoch 53
68.002, 92.518
52.667, 92.667
Epoch 54
72.583, 93.966
59.467, 93.333
Epoch 55
65.211, 91.153
50.267, 89.467
Epoch 56
74.989, 94.886
65.600, 93.333
Epoch 57
72.562, 94.123
58.933, 90.933
Epoch 58
75.154, 94.991
61.867, 92.667
Epoch 59
75.083, 95.102
54.267, 89.467
Epoch 60
75.385, 94.982
69.067, 92.933
Epoch 61
75.779, 95.287
58.933, 93.067
Epoch 62
76.693, 95.601
58.933, 92.133
Epoch 63
75.234, 94.918
54.533, 93.733
Epoch 64
74.397, 94.671
69.200, 91.733
Epoch 65
75.037, 95.184
64.400, 92.800
Epoch 66
72.793, 94.086
54.667, 89.733
Epoch 67
76.959, 95.505
60.800, 92.000
Epoch 68
76.880, 95.573
57.200, 90.933
Epoch 69
69.554, 93.241
50.800, 88.667
Epoch 70
75.028, 95.118
62.267, 91.467
Epoch 71
73.125, 94.120
64.400, 90.933
Epoch 72
75.298, 94.959
60.000, 88.000
Epoch 73
77.832, 96.007
63.200, 93.200
Epoch 74
77.369, 96.028
57.067, 90.667
Epoch 75
78.135, 96.108
61.200, 91.733
Epoch 76
77.141, 95.704
50.267, 90.533
Epoch 77
79.377, 96.282
60.667, 90.667
Epoch 78
77.771, 95.719
58.533, 90.000
Epoch 79
78.041, 96.242
57.067, 90.267
Epoch 80
75.919, 95.537
50.667, 90.533
Epoch 81
79.348, 96.279
60.267, 91.333
Epoch 82
78.440, 95.997
67.200, 93.333
Epoch 83
76.534, 95.500
59.467, 92.267
Epoch 84
71.416, 94.288
43.200, 86.933
Epoch 85
74.563, 94.851
56.800, 91.333
Epoch 86
79.683, 96.399
61.333, 92.400
Epoch 87
80.408, 96.692
59.733, 92.933
Epoch 88
78.894, 96.397
76.267, 94.800
Epoch 89
81.049, 96.904
55.733, 90.533
Epoch 90
73.565, 94.739
55.467, 89.600
Epoch 91
76.760, 95.759
49.733, 91.733
Epoch 92
80.613, 96.758
57.200, 90.933
Epoch 93
80.990, 96.838
62.133, 92.933
Epoch 94
81.419, 96.957
64.400, 92.400
Epoch 95
79.081, 96.356
67.600, 92.800
Epoch 96
75.192, 95.184
57.467, 89.200
Epoch 97
76.377, 95.524
47.733, 86.933
Epoch 98
81.624, 97.083
59.333, 91.200
Epoch 99
79.368, 96.270
68.000, 94.000
Epoch 100
81.566, 97.080
54.133, 90.000
Epoch 101
78.288, 96.035
72.133, 94.800
Epoch 102
81.310, 97.020
61.067, 92.133
Epoch 103
81.677, 97.072
56.400, 92.400
Epoch 104
76.802, 95.243
64.667, 92.400
Epoch 105
81.896, 97.251
63.067, 93.600
Epoch 106
82.136, 97.123
46.933, 89.733
Epoch 107
82.020, 96.953
69.600, 94.133
Epoch 108
81.751, 97.002
57.733, 88.933
Epoch 109
81.531, 96.909
74.133, 94.800
Epoch 110
81.870, 97.083
56.933, 92.267
Epoch 111
80.584, 96.719
57.067, 91.067
Epoch 112
77.253, 95.909
51.067, 89.333
Epoch 113
79.255, 96.613
52.667, 86.400
Epoch 114
81.063, 96.896
56.667, 91.467
Epoch 115
82.261, 96.989
64.000, 92.667
Epoch 116
81.971, 97.107
66.667, 91.200
Epoch 117
79.105, 96.094
60.400, 89.733
Epoch 118
81.795, 97.223
55.067, 90.000
Epoch 119
81.619, 97.083
62.267, 93.467
