Epoch 0
19.118, 60.882
16.267, 61.200
Epoch 1
22.200, 61.995
22.133, 61.867
Epoch 2
26.744, 67.549
25.733, 66.933
Epoch 3
30.626, 72.882
30.133, 75.467
Epoch 4
31.872, 73.846
33.333, 75.467
Epoch 5
39.733, 79.892
41.600, 81.467
Epoch 6
34.559, 76.887
36.400, 77.867
Epoch 7
28.785, 71.431
31.067, 71.867
Epoch 8
43.744, 81.687
46.000, 82.267
Epoch 9
33.918, 79.118
35.333, 80.800
Epoch 10
43.964, 82.877
46.267, 82.000
Epoch 11
46.215, 83.774
49.333, 84.667
Epoch 12
37.774, 78.262
37.733, 77.600
Epoch 13
44.477, 81.841
45.733, 82.800
Epoch 14
52.041, 86.621
54.800, 86.400
Epoch 15
49.379, 85.164
50.800, 85.200
Epoch 16
51.928, 86.610
53.733, 86.667
Epoch 17
56.544, 87.944
58.667, 87.600
Epoch 18
49.144, 86.390
51.333, 85.067
Epoch 19
44.190, 79.385
44.000, 80.133
Epoch 20
54.313, 87.754
56.000, 87.467
Epoch 21
58.600, 89.292
61.467, 89.067
Epoch 22
57.590, 89.000
61.333, 90.267
Epoch 23
64.754, 91.887
66.933, 91.467
Epoch 24
60.313, 91.010
58.667, 91.733
Epoch 25
63.103, 91.364
62.667, 91.867
Epoch 26
59.410, 90.323
59.467, 88.533
Epoch 27
67.969, 93.215
68.400, 94.667
Epoch 28
71.872, 94.646
73.067, 93.733
Epoch 29
71.713, 94.077
70.667, 93.467
Epoch 30
79.364, 96.164
78.267, 96.267
Epoch 31
80.287, 96.636
78.400, 96.133
Epoch 32
81.210, 96.549
79.733, 96.133
Epoch 33
81.677, 96.749
79.200, 96.400
Epoch 34
82.092, 96.800
79.733, 95.733
Epoch 35
81.759, 96.774
80.000, 96.267
Epoch 36
82.072, 96.815
79.600, 96.000
Epoch 37
82.667, 96.985
80.000, 96.000
Epoch 38
83.169, 96.969
80.667, 96.400
Epoch 39
82.800, 97.010
78.533, 96.000
Epoch 40
82.985, 97.072
80.400, 95.867
Epoch 41
83.210, 97.051
79.733, 96.533
Epoch 42
83.349, 97.282
80.133, 96.667
Epoch 43
83.744, 97.287
79.200, 96.933
Epoch 44
84.005, 97.205
79.600, 96.533
Epoch 45
84.226, 97.272
80.800, 96.667
Epoch 46
84.564, 97.631
80.667, 96.933
Epoch 47
84.738, 97.379
80.267, 96.800
Epoch 48
84.790, 97.436
81.200, 96.400
Epoch 49
84.959, 97.518
79.200, 96.000
Epoch 50
84.569, 97.554
80.267, 96.533
Epoch 51
84.918, 97.636
80.933, 96.400
Epoch 52
84.974, 97.631
80.800, 95.867
Epoch 53
84.513, 97.559
79.333, 96.133
Epoch 54
85.733, 97.764
81.333, 96.667
Epoch 55
85.426, 97.713
81.200, 96.933
Epoch 56
85.969, 97.687
82.133, 96.133
Epoch 57
86.021, 97.744
80.133, 96.400
Epoch 58
86.015, 97.836
79.733, 96.800
Epoch 59
85.600, 97.713
80.000, 96.667
Epoch 60
87.118, 97.913
81.200, 96.667
Epoch 61
87.903, 97.974
80.933, 96.933
Epoch 62
88.154, 98.036
81.067, 97.200
Epoch 63
87.995, 98.108
81.600, 97.200
Epoch 64
88.062, 98.169
81.467, 97.067
Epoch 65
88.103, 98.026
81.733, 96.933
Epoch 66
88.031, 98.005
81.867, 96.933
Epoch 67
88.082, 98.246
81.200, 97.067
Epoch 68
88.256, 98.185
81.200, 97.067
Epoch 69
88.190, 98.072
81.333, 97.200
Epoch 70
87.944, 97.990
81.867, 97.067
Epoch 71
88.503, 98.169
81.867, 96.933
Epoch 72
88.067, 98.097
81.600, 96.800
Epoch 73
88.041, 98.036
82.267, 97.333
Epoch 74
88.210, 97.979
82.000, 97.600
Epoch 75
88.005, 98.133
81.333, 96.933
Epoch 76
88.379, 98.144
81.733, 97.333
Epoch 77
88.323, 98.159
81.600, 96.667
Epoch 78
88.318, 98.108
81.600, 97.200
Epoch 79
88.379, 98.118
81.733, 97.067
Epoch 80
88.538, 98.154
81.600, 96.933
Epoch 81
88.538, 98.190
81.733, 96.667
Epoch 82
88.728, 98.262
82.267, 97.067
Epoch 83
88.800, 98.226
82.267, 96.800
Epoch 84
88.472, 98.123
82.133, 96.667
Epoch 85
88.231, 98.246
81.733, 96.800
Epoch 86
88.595, 98.144
81.867, 97.067
Epoch 87
88.472, 98.256
82.267, 96.933
Epoch 88
88.646, 98.185
82.000, 97.067
Epoch 89
88.544, 98.256
81.733, 96.933
Epoch 90
88.708, 98.236
81.867, 97.200
Epoch 91
88.749, 98.174
82.133, 96.933
Epoch 92
88.574, 98.144
82.533, 96.800
Epoch 93
88.544, 98.226
82.400, 97.467
Epoch 94
89.154, 98.267
82.400, 97.333
Epoch 95
88.841, 98.159
82.133, 97.067
Epoch 96
88.908, 98.251
82.000, 97.333
Epoch 97
88.774, 98.282
82.133, 97.200
Epoch 98
88.738, 98.190
82.000, 97.067
Epoch 99
88.836, 98.138
82.667, 96.800
Epoch 100
88.779, 98.354
82.400, 96.667
Epoch 101
88.621, 98.154
82.000, 97.200
Epoch 102
89.154, 98.128
82.267, 97.333
Epoch 103
88.918, 98.256
82.000, 96.667
Epoch 104
88.846, 98.231
81.600, 97.067
Epoch 105
89.185, 98.344
82.133, 97.067
Epoch 106
88.769, 98.190
82.133, 96.667
Epoch 107
89.036, 98.354
82.267, 96.533
Epoch 108
88.862, 98.215
82.000, 96.800
Epoch 109
88.903, 98.246
82.000, 97.067
Epoch 110
88.790, 98.297
82.133, 97.200
Epoch 111
89.328, 98.354
81.600, 97.067
Epoch 112
89.072, 98.205
82.400, 96.933
Epoch 113
89.062, 98.277
81.600, 96.933
Epoch 114
89.082, 98.313
81.867, 96.933
Epoch 115
89.338, 98.308
82.133, 96.933
Epoch 116
89.251, 98.169
82.133, 97.200
Epoch 117
89.441, 98.323
81.867, 97.067
Epoch 118
89.256, 98.287
82.800, 97.067
Epoch 119
89.708, 98.338
82.000, 97.333
