Epoch 0
27.412, 66.585
26.000, 62.267
Epoch 1
32.065, 69.627
33.067, 71.467
Epoch 2
35.582, 73.292
40.933, 75.600
Epoch 3
40.569, 77.136
43.733, 80.667
Epoch 4
34.271, 72.962
29.867, 78.000
Epoch 5
43.096, 78.043
50.800, 85.733
Epoch 6
48.174, 81.614
41.733, 82.400
Epoch 7
48.436, 81.540
44.800, 84.267
Epoch 8
51.220, 83.897
37.600, 86.400
Epoch 9
53.473, 84.236
38.667, 79.067
Epoch 10
53.229, 84.798
51.867, 87.733
Epoch 11
55.388, 85.118
49.067, 86.267
Epoch 12
56.085, 85.524
41.333, 85.867
Epoch 13
58.564, 87.123
52.933, 90.400
Epoch 14
58.000, 87.228
56.933, 90.400
Epoch 15
59.626, 87.798
62.400, 92.267
Epoch 16
60.470, 88.204
59.600, 91.067
Epoch 17
58.331, 87.001
60.133, 90.400
Epoch 18
60.654, 88.542
49.067, 90.400
Epoch 19
62.145, 89.031
49.333, 87.600
Epoch 20
60.946, 88.516
43.600, 87.733
Epoch 21
60.166, 88.043
40.267, 90.800
Epoch 22
56.089, 86.028
57.067, 90.133
Epoch 23
59.928, 87.806
52.133, 92.267
Epoch 24
62.419, 89.413
50.933, 90.533
Epoch 25
61.896, 89.329
45.600, 92.667
Epoch 26
63.732, 89.495
61.867, 92.800
Epoch 27
62.389, 89.669
60.400, 93.867
Epoch 28
63.379, 89.956
62.667, 92.267
Epoch 29
64.063, 89.753
75.333, 95.333
Epoch 30
73.813, 93.838
66.000, 95.067
Epoch 31
74.682, 94.153
66.667, 95.333
Epoch 32
75.382, 94.458
65.200, 95.333
Epoch 33
75.813, 94.603
66.267, 95.467
Epoch 34
76.242, 94.785
63.467, 94.400
Epoch 35
76.773, 95.034
68.667, 95.200
Epoch 36
77.090, 95.109
62.933, 95.867
Epoch 37
77.251, 95.202
63.333, 95.333
Epoch 38
77.637, 95.363
66.000, 95.067
Epoch 39
78.074, 95.587
67.200, 94.400
Epoch 40
78.379, 95.731
66.800, 94.667
Epoch 41
78.723, 95.748
61.200, 94.000
Epoch 42
79.050, 95.868
65.200, 94.667
Epoch 43
79.406, 96.010
66.933, 95.733
Epoch 44
79.566, 96.146
62.933, 93.600
Epoch 45
79.974, 96.200
65.200, 94.933
Epoch 46
80.048, 96.261
60.800, 94.933
Epoch 47
79.879, 96.202
63.067, 94.000
Epoch 48
80.704, 96.535
62.267, 94.133
Epoch 49
80.591, 96.419
67.867, 94.133
Epoch 50
81.158, 96.616
63.067, 94.267
Epoch 51
80.538, 96.437
64.267, 94.267
Epoch 52
81.495, 96.702
62.933, 95.200
Epoch 53
81.974, 96.894
62.667, 92.933
Epoch 54
81.837, 96.839
65.467, 93.200
Epoch 55
81.872, 96.853
61.867, 93.867
Epoch 56
81.595, 96.793
62.267, 93.467
Epoch 57
81.450, 96.695
66.667, 94.933
Epoch 58
82.311, 96.987
60.933, 93.867
Epoch 59
82.642, 97.121
65.867, 94.133
Epoch 60
85.805, 97.795
62.400, 94.667
Epoch 61
86.044, 97.784
62.800, 94.400
Epoch 62
86.400, 97.809
62.533, 94.400
Epoch 63
86.578, 97.891
64.267, 93.733
Epoch 64
86.627, 97.847
65.200, 94.267
Epoch 65
86.831, 97.918
61.067, 93.867
Epoch 66
86.786, 97.838
63.600, 93.600
Epoch 67
87.065, 97.979
62.933, 93.333
Epoch 68
87.203, 98.014
63.200, 93.867
Epoch 69
87.248, 97.956
64.000, 93.733
Epoch 70
87.324, 97.983
63.733, 93.467
Epoch 71
87.470, 98.073
62.533, 93.867
Epoch 72
87.527, 98.030
63.467, 94.000
Epoch 73
87.523, 98.029
62.267, 93.867
Epoch 74
87.750, 98.062
62.533, 93.467
Epoch 75
87.771, 98.062
61.600, 93.467
Epoch 76
87.846, 98.033
62.267, 93.200
Epoch 77
87.877, 98.088
64.000, 93.600
Epoch 78
87.959, 98.142
62.000, 93.333
Epoch 79
87.791, 98.108
62.933, 93.333
Epoch 80
88.081, 98.144
61.733, 93.467
Epoch 81
88.178, 98.148
64.133, 93.467
Epoch 82
88.182, 98.146
59.867, 92.800
Epoch 83
88.174, 98.180
60.533, 93.067
Epoch 84
88.264, 98.180
61.733, 93.067
Epoch 85
88.301, 98.186
60.933, 93.867
Epoch 86
88.485, 98.214
63.067, 93.467
Epoch 87
88.448, 98.212
59.600, 93.067
Epoch 88
88.500, 98.246
62.800, 93.067
Epoch 89
88.508, 98.170
63.333, 93.733
Epoch 90
88.680, 98.216
63.067, 93.867
Epoch 91
88.617, 98.227
61.733, 93.200
Epoch 92
88.710, 98.235
59.200, 92.800
Epoch 93
88.818, 98.302
62.400, 93.867
Epoch 94
88.722, 98.253
61.333, 93.733
Epoch 95
88.810, 98.233
59.067, 92.533
Epoch 96
88.895, 98.259
62.533, 92.933
Epoch 97
88.945, 98.274
60.400, 93.067
Epoch 98
88.936, 98.272
63.067, 93.067
Epoch 99
88.991, 98.282
60.800, 92.533
Epoch 100
89.000, 98.268
62.800, 93.067
Epoch 101
88.979, 98.270
63.200, 93.333
Epoch 102
89.220, 98.345
62.133, 93.733
Epoch 103
89.210, 98.342
63.600, 93.867
Epoch 104
89.249, 98.340
61.067, 93.200
Epoch 105
89.180, 98.292
62.400, 93.867
Epoch 106
89.278, 98.318
62.133, 93.333
Epoch 107
89.224, 98.295
62.133, 93.467
Epoch 108
89.488, 98.408
60.400, 92.933
Epoch 109
89.380, 98.321
63.733, 93.867
Epoch 110
89.489, 98.366
63.200, 93.600
Epoch 111
89.492, 98.416
62.000, 93.467
Epoch 112
89.701, 98.389
60.933, 93.600
Epoch 113
89.466, 98.367
62.667, 93.600
Epoch 114
89.550, 98.384
62.133, 93.200
Epoch 115
89.586, 98.397
62.000, 93.333
Epoch 116
89.689, 98.394
64.800, 93.333
Epoch 117
89.625, 98.427
62.800, 93.600
Epoch 118
89.813, 98.427
63.200, 93.467
Epoch 119
89.819, 98.376
62.267, 93.333
