Epoch 0
9.056, 35.918
9.733, 36.000
Epoch 1
11.200, 44.908
13.333, 45.600
Epoch 2
15.297, 53.549
14.267, 51.867
Epoch 3
16.718, 56.128
18.000, 55.067
Epoch 4
20.913, 61.518
20.000, 60.533
Epoch 5
18.887, 63.462
19.867, 62.667
Epoch 6
22.938, 65.292
24.400, 63.467
Epoch 7
22.159, 63.195
23.067, 65.067
Epoch 8
26.272, 67.456
27.867, 70.533
Epoch 9
29.451, 69.764
31.867, 72.933
Epoch 10
29.441, 71.410
33.200, 73.200
Epoch 11
32.672, 73.903
33.467, 74.267
Epoch 12
33.790, 74.718
35.333, 76.533
Epoch 13
35.226, 75.754
36.400, 80.667
Epoch 14
36.877, 77.231
39.733, 78.933
Epoch 15
39.282, 78.385
42.000, 82.533
Epoch 16
39.282, 80.359
41.200, 81.333
Epoch 17
39.574, 79.749
40.667, 81.600
Epoch 18
41.795, 80.569
43.600, 84.400
Epoch 19
43.938, 82.200
47.600, 82.933
Epoch 20
45.010, 82.692
48.267, 85.467
Epoch 21
46.646, 84.282
50.000, 85.067
Epoch 22
45.267, 82.733
48.000, 83.733
Epoch 23
49.092, 84.862
52.000, 85.867
Epoch 24
50.892, 85.744
53.467, 86.533
Epoch 25
51.031, 86.062
53.733, 86.800
Epoch 26
49.313, 85.985
52.133, 86.800
Epoch 27
50.200, 85.487
55.600, 86.267
Epoch 28
53.241, 87.056
56.933, 87.333
Epoch 29
50.374, 83.795
54.400, 85.467
Epoch 30
64.282, 91.815
64.133, 91.200
Epoch 31
65.421, 92.405
66.400, 90.800
Epoch 32
66.031, 92.149
65.333, 92.133
Epoch 33
66.405, 92.400
66.400, 93.067
Epoch 34
67.303, 92.779
67.333, 92.400
Epoch 35
68.000, 92.979
68.267, 91.733
Epoch 36
67.723, 92.846
67.467, 92.800
Epoch 37
68.267, 92.979
66.533, 92.267
Epoch 38
69.492, 93.446
67.600, 92.933
Epoch 39
69.333, 93.400
68.667, 92.400
Epoch 40
70.236, 93.897
69.333, 92.667
Epoch 41
69.369, 93.169
69.067, 92.000
Epoch 42
69.462, 93.667
69.333, 92.800
Epoch 43
71.554, 94.026
70.800, 92.667
Epoch 44
71.585, 94.349
70.667, 92.933
Epoch 45
70.610, 94.026
69.600, 92.400
Epoch 46
72.390, 94.513
71.067, 93.333
Epoch 47
72.287, 94.467
69.733, 92.000
Epoch 48
72.949, 94.508
70.533, 93.333
Epoch 49
73.190, 94.508
72.133, 93.200
Epoch 50
73.708, 94.959
70.933, 92.133
Epoch 51
72.631, 94.374
70.400, 92.800
Epoch 52
74.349, 95.000
72.000, 93.600
Epoch 53
74.262, 95.241
73.067, 92.933
Epoch 54
74.923, 95.272
72.933, 94.000
Epoch 55
75.569, 95.328
72.800, 93.467
Epoch 56
74.621, 95.246
71.600, 93.867
Epoch 57
74.821, 95.215
71.333, 94.133
Epoch 58
74.328, 94.938
72.133, 93.200
