Epoch 0
27.207, 65.937
31.333, 62.667
Epoch 1
31.639, 70.710
40.000, 70.000
Epoch 2
35.736, 73.947
45.333, 73.333
Epoch 3
39.369, 76.174
40.667, 83.333
Epoch 4
42.600, 77.569
47.333, 76.000
Epoch 5
44.115, 78.787
48.667, 83.333
Epoch 6
47.865, 81.083
46.000, 83.333
Epoch 7
48.796, 80.711
58.000, 81.333
Epoch 8
51.651, 83.080
63.333, 84.000
Epoch 9
52.687, 83.823
58.000, 83.333
Epoch 10
53.577, 85.057
42.667, 88.667
Epoch 11
53.194, 83.891
50.000, 85.333
Epoch 12
55.043, 85.147
63.333, 88.000
Epoch 13
57.970, 87.132
70.667, 90.000
Epoch 14
57.951, 86.473
48.000, 88.667
Epoch 15
58.948, 87.472
42.667, 88.667
Epoch 16
55.870, 86.142
65.333, 90.667
Epoch 17
57.711, 86.592
51.333, 90.000
Epoch 18
59.275, 87.499
58.000, 92.000
Epoch 19
60.466, 88.421
67.333, 92.667
Epoch 20
59.149, 87.670
68.000, 91.333
Epoch 21
60.426, 88.390
60.667, 91.333
Epoch 22
62.177, 88.709
63.333, 92.000
Epoch 23
