Epoch 0
21.128, 62.718
21.600, 64.133
Epoch 1
26.677, 66.108
28.000, 65.867
Epoch 2
34.036, 74.200
36.133, 75.200
Epoch 3
38.087, 75.574
37.333, 76.267
Epoch 4
36.774, 76.826
37.600, 77.067
Epoch 5
41.456, 79.528
43.200, 79.600
Epoch 6
44.282, 80.462
46.400, 82.267
Epoch 7
43.231, 80.918
45.200, 82.000
Epoch 8
43.354, 81.882
43.067, 82.933
Epoch 9
50.636, 85.595
49.467, 88.267
Epoch 10
50.041, 85.021
51.867, 86.533
Epoch 11
49.123, 86.164
51.067, 86.267
Epoch 12
46.744, 80.882
48.000, 81.067
Epoch 13
51.072, 86.410
52.800, 87.333
Epoch 14
54.867, 87.467
58.133, 88.000
Epoch 15
56.795, 89.472
56.267, 88.533
Epoch 16
58.087, 88.938
59.467, 90.133
Epoch 17
56.908, 88.456
57.467, 87.733
Epoch 18
58.703, 89.015
58.667, 86.933
Epoch 19
54.277, 86.826
54.533, 87.067
Epoch 20
58.585, 89.621
58.533, 89.600
Epoch 21
67.364, 92.790
65.333, 92.667
Epoch 22
59.067, 89.467
61.333, 88.267
Epoch 23
63.487, 92.267
64.667, 91.200
Epoch 24
67.005, 92.908
67.467, 92.800
Epoch 25
59.000, 90.154
57.600, 89.867
Epoch 26
67.974, 92.738
67.867, 91.733
Epoch 27
64.210, 91.133
62.800, 91.600
Epoch 28
67.262, 93.323
66.400, 93.067
Epoch 29
63.667, 91.944
61.200, 91.733
Epoch 30
68.169, 93.226
64.800, 91.200
Epoch 31
69.113, 93.149
68.000, 92.533
Epoch 32
70.549, 94.723
68.800, 95.067
Epoch 33
66.969, 92.092
64.533, 90.000
Epoch 34
71.297, 94.390
70.133, 94.267
Epoch 35
71.523, 94.062
71.600, 93.067
Epoch 36
72.533, 94.892
70.000, 93.867
Epoch 37
75.513, 95.621
72.400, 94.400
Epoch 38
76.344, 95.856
73.200, 94.800
Epoch 39
68.708, 92.903
69.067, 92.933
Epoch 40
73.626, 94.836
72.800, 92.933
Epoch 41
74.621, 95.477
72.400, 94.933
Epoch 42
72.092, 94.549
68.267, 93.067
Epoch 43
76.046, 95.513
74.933, 94.933
Epoch 44
77.431, 96.067
72.400, 95.067
Epoch 45
73.215, 94.497
69.600, 94.667
Epoch 46
77.446, 96.210
74.800, 96.533
Epoch 47
75.626, 95.744
74.133, 94.133
Epoch 48
77.333, 96.005
74.800, 94.533
Epoch 49
76.287, 96.385
74.133, 94.533
Epoch 50
76.051, 95.410
73.333, 94.933
Epoch 51
72.959, 95.159
70.533, 94.267
Epoch 52
79.021, 96.595
76.000, 95.467
Epoch 53
77.923, 96.538
74.533, 94.533
Epoch 54
78.574, 96.579
73.867, 95.600
Epoch 55
78.400, 96.533
74.400, 94.933
Epoch 56
81.985, 97.200
76.133, 95.600
Epoch 57
78.559, 96.159
75.867, 94.667
Epoch 58
78.287, 96.436
76.533, 95.067
Epoch 59
78.159, 96.169
74.667, 94.533
Epoch 60
81.431, 97.251
77.333, 95.067
Epoch 61
82.400, 97.436
77.067, 94.667
Epoch 62
79.733, 96.487
75.067, 94.667
Epoch 63
83.072, 97.221
78.000, 96.000
Epoch 64
79.174, 96.564
74.933, 94.800
Epoch 65
83.159, 97.323
77.067, 94.667
Epoch 66
83.390, 97.318
78.933, 94.800
Epoch 67
83.918, 97.179
77.867, 95.333
Epoch 68
82.292, 97.492
75.067, 95.733
Epoch 69
84.056, 97.641
76.667, 95.867
